64
89
103.973 45.2264 2.0655 1.68409 -1.61534e-05 8.01427e-06 0.000123874 2.02606e-05 0.000155263 -1.76667e-05 0.000495817 5.64166e-05 0.000383344 -0.000154575 0.000904623 0.000169955 2.2305e-05 -2.53798e-06 8.18815e-05 9.31689e-06 -0.000147348 1.6766e-05 0.00070665 8.04061e-05 0.00109551 -0.000887725 0.0040178 0.0034925 -0.00024633 -0.00142981 0.00447943 0.00186565 0.000217728 -2.47742e-05 0.000649608 7.39157e-05 0.000105047 -1.19528e-05 0.000619722 7.05151e-05 0.213773 0.16478 0.397161 0.337582 0.279449 -0.063112 0.661297 0.295334 0.012555 -0.0131072 0.0140635 0.0150067 0.000290874 -0.00024533 0.000481285 0.000549444 0.0241215 -0.00752689 0.0910293 0.140402 -0.0469075 0.0334913 0.0875147 0.0882185 0.0100394 -0.00762946 0.0154812 0.015099 1
99.8087 50.2962 2.10628 1.46171 -2.59956e-05 8.48321e-06 5.8619e-05 1.50295e-05 -5.57283e-05 -8.17722e-05 0.00037053 0.000104552 -9.49667e-05 -1.04013e-05 0.000235383 2.57804e-05 1.44919e-05 1.58723e-06 5.45186e-05 5.97117e-06 -8.20264e-05 0.000162862 0.000694053 0.000375962 0.111818 -0.00284661 0.120366 0.0514966 0.055271 -0.0434567 0.0605188 0.0509332 0.00046007 -0.000213096 0.00101684 0.000360322 0.000185346 0.000574679 0.00100235 0.000933785 0.129494 0.00913797 0.52599 0.366883 0.0334432 0.103269 0.653113 0.278129 0.0383414 -0.0240112 0.0466784 0.0303439 0.000545429 -0.000574181 0.00087507 0.000635676 -0.0206263 -0.00112442 0.0748283 0.0429236 0.0115191 -0.0101642 0.035924 0.0218919 -0.00818506 0.00849519 0.00905041 0.00918703 -1
94.4728 59.5635 2.02948 -2.3475 0.00283297 -0.00023539 0.00886794 0.00288452 0.0516526 -0.0183973 0.0658457 0.0263811 0.00449871 -0.0208245 0.0464417 0.0435132 -7.76814e-05 6.22765e-05 0.000215483 0.000115644 -0.000863036 -0.00294197 0.051707 0.0116667 -0.108835 -0.0156272 0.274135 0.0268044 0.0284118 0.112871 0.344881 0.175354 0.0244697 -0.000528851 0.0565701 0.0539598 -0.00558514 -0.00060179 0.0726838 0.00751182 0.0790681 -0.0420446 0.601059 0.0505937 -0.00697271 -0.0734595 0.56663 0.141011 -0.0300734 -0.0221774 0.0309627 0.0256462 8.74133e-06 2.46079e-05 8.39341e-05 0.000111205 -0.000194671 8.91735e-05 0.00102289 0.000885573 -0.000458014 0.000131844 0.000656801 0.000641113 -5.68989e-06 -5.59181e-06 2.96823e-05 2.91707e-05 -1
126.485 58.8475 2.28531 2.34658 0.000981045 0.000265071 0.001055 0.000574706 -2.64925e-05 1.48143e-05 0.000593269 0.00057079 -2.97544e-05 2.91874e-05 0.000553897 0.000543342 6.13106e-06 -6.01423e-06 7.79044e-05 7.64198e-05 0.026305 -0.0980356 0.0455649 0.149708 -0.00303005 -0.00551548 0.00749447 0.0105024 4.70466e-05 -4.61501e-05 0.00378845 0.00371625 1.26498e-05 1.58758e-05 0.000543431 0.000538645 -0.000759547 -0.0898356 0.015547 0.172912 0.414996 -0.126444 0.525707 0.639519 -0.0178959 -0.0749446 0.027247 0.0818218 0.019096 0.012996 0.0221376 0.0173844 -0.00122703 -0.0147985 0.00356292 0.0189266 -0.00592434 0.0383131 0.0407661 0.160568 0.018606 -0.0440852 0.0317168 0.070738 0.000260853 0.0103453 0.00947807 0.0214765 1
110.792 62.2774 2.03 2.78187 -0.00182304 -0.0010593 0.00810963 0.00875365 0.0102878 -0.0311931 0.0142624 0.0385731 3.23818e-05 -8.61021e-05 0.000148816 0.000395697 -8.29673e-06 2.20608e-05 1.4697e-05 3.90789e-05 0.0236675 0.049872 0.04759 0.0723941 -0.0757853 -0.226827 0.0945033 0.261203 0.106562 0.0516451 0.112882 0.0578836 0.0289923 -0.00500775 0.0293589 0.0125416 0.00124211 -0.0396208 0.0442675 0.0754298 0.21742 -0.0820018 0.478517 0.35953 -0.0331865 0.106987 0.376846 0.466602 0.00396521 0.0130707 0.0374504 0.100855 -0.0072126 -0.000244206 0.0103893 0.00581104 0.0318999 -0.00668487 0.0616452 0.0851619 -0.00480106 -0.0103876 0.0181753 0.04052 0.00169203 7.10767e-05 0.0035522 0.0159855 1
93.5415 66.4301 2.00113 -2.45348 0.00630231 -0.00557602 0.0104111 0.00577202 0.00322183 0.0165623 0.0403555 0.0237415 0.00104655 -0.0118985 0.0504075 0.0480917 0.00296685 -0.00529709 0.00449167 0.00552307 -0.0404201 0.00455002 0.0539971 0.014707 -0.245322 -0.0205803 0.502579 0.0725516 -0.145787 -0.0530005 0.402366 0.159482 -0.019123 0.0226922 0.0737363 0.039813 0.048611 -0.00719621 0.0513719 0.0121063 0.286476 -0.0163198 0.313553 0.0400694 0.270395 0.0132823 0.397132 0.0594818 0.00970182 -0.00663881 0.0639473 0.0327811 -0.0118481 0.000767053 0.0119537 0.00115155 -0.0813884 -0.00546057 0.0817516 0.00574133 -0.0642227 -0.0137331 0.0647342 0.0150547 -0.000472565 0.000278121 0.000493168 0.000366205 1
138.63 66.3325 2.01202 0.9879 6.38692e-06 4.10834e-06 4.65009e-05 3.09569e-05 -6.00742e-05 -3.96079e-05 0.000253987 0.000167458 0.00127453 -0.000218167 0.00151077 0.000571468 0.00708543 0.000550886 0.00717288 0.00140424 5.40097e-05 3.56094e-05 0.00030854 0.000203425 0.107784 -0.026677 0.112903 0.0276907 0.178153 0.0767533 0.263527 0.137126 -0.0132261 0.00723009 0.0614352 0.0430826 -0.00126158 0.0295575 0.0120488 0.0302224 0.0689844 0.0870966 0.536736 0.344599 0.0507189 0.00796266 0.598671 0.206102 0.0121318 -0.0031563 0.0750352 0.0315062 0.00327703 0.00950567 0.00483796 0.0114037 -0.00515552 0.0223845 0.0402379 0.0666971 0.00422562 -0.0142849 0.0509469 0.0329511 0.00605672 -0.00115587 0.0088267 0.00533229 -1
106.839 67.1616 2.00029 1.40804 -1.87012e-05 -3.07089e-06 4.19076e-05 6.88157e-06 0.00394418 0.0324551 0.0201022 0.0500621 -0.000142244 -0.00520616 0.0893518 0.035887 -0.00193549 0.00263759 0.0113002 0.00643172 0.00893136 -0.00649 0.00956671 0.00701788 0.00450095 0.177488 0.152554 0.240157 0.202288 -0.128526 0.460003 0.207081 -0.00880843 0.00723009 0.0227401 0.0185045 0.00831658 0.00177132 0.0754904 0.050422 0.167087 0.000476648 0.28634 0.362438 -0.100399 0.00760967 0.338502 0.40719 0.025838 -0.0154515 0.0701549 0.0589299 -0.000811635 -0.00140271 0.00362506 0.00209119 -0.0246349 0.0140805 0.0327326 0.0584426 -0.00853137 -0.0261242 0.0411401 0.0600592 -0.00169572 0.00500756 0.00561586 0.00765021 -1
119.109 67.1503 2.06182 1.00892 1.70481e-05 1.07329e-05 5.00127e-05 3.14863e-05 -0.000785341 0.00135003 0.000961062 0.00158625 -0.0288502 0.014689 0.049056 0.0312556 0.00429584 -0.00326538 0.00808692 0.00387787 8.80943e-05 -0.000223193 0.000298395 0.000413018 0.165155 -0.00845506 0.173126 0.0229729 0.128079 0.0720807 0.222922 0.154754 0.00321482 -0.0147084 0.0555192 0.0580854 0.0140032 0.00127336 0.0220869 0.00912876 0.00336366 0.0833602 0.491936 0.373843 -0.0745761 0.0746528 0.614017 0.1908 0.0198559 -0.00100261 0.0621891 0.0425139 0.000867559 0.000266977 0.0127675 0.00420338 0.0522452 -0.0228102 0.0837554 0.0379083 0.0388571 -0.0117197 0.040737 0.0129945 -0.00490997 0.00711056 0.00829408 0.00779399 -1
105.271 71.3902 2.02005 1.14571 -0.00199402 0.00559255 0.00216575 0.00561889 -0.0136372 -0.0154145 0.0585483 0.0514613 -0.018038 0.00589344 0.0209061 0.00715587 -0.00823985 0.00455083 0.00962908 0.00501857 0.00293451 -0.00184057 0.00377188 0.00210605 -0.048513 0.0503725 0.341062 0.297661 -0.0263143 0.134137 0.4577 0.247938 0.0491705 -0.0288521 0.0556899 0.030452 0.0143428 0.00415694 0.0772273 0.029553 0.25261 -0.0392227 0.375857 0.259118 0.0266735 -0.064477 0.306637 0.286917 -0.0263242 0.0279054 0.0574124 0.0439841 0.000217573 -0.00180573 0.00407505 0.00237081 -0.0385908 0.0392919 0.0440293 0.0432551 0.0309483 -0.0468838 0.0513758 0.0641797 -0.00242036 0.002514 0.00753028 0.00299001 1
99.625 73.1814 1.96633 -2.63303 -0.00268995 0.00359207 0.00377753 0.00393994 -0.0587336 0.0188517 0.0822481 0.0242931 -0.0312603 -0.00487539 0.0643354 0.0279943 -0.00822637 -0.00352149 0.0106958 0.00407886 0.0246306 -0.0223157 0.0597847 0.0306026 0.0263581 0.130676 0.282899 0.182286 0.089607 -0.133969 0.366852 0.280489 0.0131945 -0.0435146 0.0475302 0.0467333 -0.0140862 0.00156761 0.0600252 0.0158255 -0.0195747 -0.00911518 0.563541 0.0932799 -0.229113 -0.143126 0.395741 0.166929 -0.00635973 0.0295967 0.034871 0.0439652 0.00342923 -0.000356397 0.00354485 0.00083475 0.0299937 0.00274755 0.0316375 0.00358604 0.0491415 0.00913004 0.0557605 0.012551 0.00702833 0.0016545 0.0123034 0.00569082 -1
79.1709 80.5929 2.3865 -2.79859 -0.000448796 -0.00159382 0.000982002 0.00277373 0.0156283 0.00989843 0.0305789 0.0540793 0.0673572 0.0102527 0.0861132 0.029238 -0.00447478 -0.00341779 0.0121368 0.00632745 0.0510664 -0.0279109 0.0548488 0.0291929 -0.0804929 0.0338184 0.24767 0.0947141 -0.0489586 0.00109681 0.409126 0.084199 0.0453691 0.0113269 0.077553 0.0261858 -0.0334898 0.0117598 0.0511077 0.0202134 0.111084 -0.00489594 0.585528 0.120673 0.00204112 0.000188135 0.565986 0.113562 -0.0416458 -0.0158847 0.0451988 0.0195871 1.85655e-05 -1.43321e-05 6.57587e-05 0.000117818 0.000185197 0.00124632 0.00133 0.00224435 -0.00036822 0.000378347 0.00152224 0.00106491 -5.78278e-05 5.38963e-05 7.2359e-05 7.57675e-05 1
134.665 85.3005 1.76131 0.527507 0.00345232 0.00314323 0.0116429 0.00366418 0.0604486 -0.00457279 0.0858275 0.0167385 0.0720195 0.00681887 0.0723428 0.0150869 -0.00361255 -0.00090322 0.00675846 0.00494106 -0.00526541 0.00344154 0.0760791 0.0119221 -0.0790501 0.018374 0.562671 0.0797185 -0.104658 0.164759 0.322199 0.260758 -0.014323 -0.0512489 0.0468303 0.0615326 0.0211607 -0.00939727 0.0620312 0.0229682 0.0630123 0.02252 0.422465 0.138378 -0.0247267 -0.208922 0.294159 0.278422 -0.0014763 0.0185928 0.0148277 0.0291269 0.00306114 0.00123367 0.00768223 0.00765422 -0.000471831 -0.0245256 0.0393935 0.0515243 -0.0263604 -0.0125384 0.0276648 0.0128092 -0.00151326 0.00391499 0.00241481 0.0047872 1
116.538 85.3173 2.01567 -2.77251 -0.00232686 -0.0022729 0.0035485 0.00716485 0.01927 0.0345103 0.0292185 0.0701586 0.0255416 -0.0149389 0.0485667 0.0323062 0.0051406 0.00145781 0.00891334 0.00210971 -0.0322284 -0.0415926 0.0383982 0.0687709 0.0300418 0.0934067 0.356489 0.362235 -0.282567 -0.0752936 0.291279 0.124102 -0.0217625 0.0262688 0.0477852 0.0413539 -0.000629766 0.0300894 0.0186122 0.0543917 0.0327421 -0.0419109 0.356319 0.279339 0.2793 0.0163655 0.456289 0.0842824 0.022424 -0.00193164 0.0837142 0.0339725 0.00183536 0.000666502 0.00200231 0.00143228 -0.00610417 0.00208256 0.0497422 0.00955487 -0.0110941 0.00358374 0.0337159 0.0451586 0.00691144 -0.001355 0.0100405 0.00482669 1
61.9158 94.1327 2.10734 -0.0121777 -7.43658e-05 3.66629e-05 7.45037e-05 5.33583e-05 -0.000676208 -0.000142061 0.0006811 0.000488716 -0.000673181 4.81261e-05 0.000675549 0.000368415 -9.37659e-05 4.50137e-05 9.40237e-05 8.20821e-05 -4.36224e-06 0.000358197 6.24241e-06 0.000512583 1.86015e-05 -0.00152743 4.4477e-05 0.00365214 0.000264633 0.00160924 0.000322138 0.00350239 0.000162026 5.84214e-05 0.000165502 0.000374184 0.0529343 0.0211113 0.0533945 0.0224635 0.501433 0.0674007 0.50647 0.0767919 0.440578 -0.142108 0.448238 0.154736 0.00607188 -0.0219355 0.00765323 0.0242243 -0.005513 -0.00311381 0.00758708 0.00423032 -0.0979248 -0.022373 0.0984616 0.0226619 -0.0694788 0.0334893 0.0807011 0.0350214 0.00660157 -0.0137512 0.00692973 0.0163192 1
131.664 95.4334 2.00309 -1.51576 0.00639456 0.0015428 0.00646422 0.00179518 0.0643469 -0.0102571 0.0650309 0.0276163 0.0522735 0.0014031 0.0551806 0.00414386 0.00380391 -0.000366017 0.00388509 0.000886069 -0.0340069 0.0164953 0.0591776 0.0167917 -0.296028 -0.0524261 0.391811 0.0757374 -0.188088 -0.117568 0.282527 0.12441 -0.00927262 -0.00438288 0.0108717 0.0113994 0.0156833 -0.0159886 0.0435971 0.0291069 0.261608 -0.0447456 0.399244 0.238385 0.288904 0.0404601 0.390991 0.207366 0.0219048 -0.00363534 0.030253 0.017607 -0.00207123 0.00152176 0.00321134 0.00449741 0.00129244 -0.022004 0.029966 0.0641607 -0.0156633 0.0219623 0.0375766 0.0689687 -0.000954531 0.000804213 0.00814754 0.0062757 1
134.953 101.348 1.99147 1.93234 -0.00902353 0.00136038 0.00932608 0.00277395 -0.0318174 0.0408168 0.0481652 0.0519861 0.0221485 -0.016743 0.0358533 0.0465313 0.00185782 0.00126508 0.00328552 0.00696542 0.0186091 -0.0315338 0.0348567 0.0375118 0.107714 0.137529 0.147813 0.143719 0.0120591 0.1069 0.469188 0.196957 -0.0540412 0.00265378 0.0623171 0.0270408 -0.0176526 0.00613791 0.035538 0.0136824 -0.0576631 0.0576799 0.496352 0.110916 -0.0129565 0.1164 0.528621 0.248273 0.0339738 -0.034353 0.0820213 0.0368332 -3.36691e-05 1.27324e-05 5.29725e-05 2.00322e-05 -0.000401034 2.74941e-05 0.000885742 0.000221573 -0.0136865 0.00493821 0.0147195 0.00508091 -0.00284901 0.000934629 0.00288679 0.000979868 -1
137.988 102.306 1.99483 2.0329 -0.000227195 -0.00078067 0.0057579 0.00609266 -0.046547 0.00297168 0.0503601 0.0164938 -0.00879189 0.0504603 0.0409628 0.0719503 0.00542627 -0.00502123 0.00590417 0.0132699 -0.00797111 -0.0218148 0.0706637 0.0673403 0.0865499 0.0488877 0.098022 0.139003 -0.0102052 0.13731 0.368297 0.196042 -0.0526928 0.0471061 0.0649645 0.0534792 -0.0139565 0.0135842 0.0149253 0.0146171 -0.06748 0.0569146 0.449434 0.100943 0.0865089 0.0860971 0.643411 0.26491 0.0569112 -0.0319649 0.072909 0.0338777 -8.76061e-06 4.36338e-06 4.15356e-05 2.06875e-05 -0.000187963 0.000137376 0.000590008 0.000315833 -0.00917467 0.00729357 0.0110005 0.00829479 -0.0125757 0.000592728 0.0126224 0.00188082 -1
131.901 108.73 2.03787 -1.70037 -3.31452e-05 -4.31905e-06 8.64129e-05 1.12602e-05 -0.000285381 0.000123857 0.00035079 0.000178551 -0.000163059 -0.000234263 0.000311127 0.000243333 -9.26898e-06 7.62555e-08 3.82996e-05 6.08917e-06 8.16783e-05 -4.49995e-05 0.000521964 0.000144942 0.0136366 0.00338021 0.01883 0.00465714 0.0353292 0.0114771 0.0472386 0.0155501 0.0265631 0.0036594 0.027539 0.00540128 0.054002 0.0243649 0.0544715 0.0248356 0.383447 -0.0189075 0.559982 0.216941 0.144427 -0.0643536 0.622658 0.21562 -0.0222929 -0.0148773 0.0280956 0.0270196 -0.0149199 -0.000203469 0.0176405 0.00103217 -0.0479275 -0.0130593 0.101243 0.0258508 0.0353839 -0.00304723 0.0408218 0.0252191 0.00261539 -0.000920715 0.00319879 0.00193782 1
103.705 43.2269 2.88127 1.61635 -3.54036e-05 5.61701e-05 0.00012935 5.87088e-05 0.000314287 -0.000121138 0.000413677 0.000189949 0.000102032 -0.000188481 0.000696206 0.000216158 4.22428e-05 -2.97726e-06 9.39458e-05 5.14526e-06 0.000163345 2.98983e-05 0.000720778 7.0199e-05 0.00100967 0.000228022 0.00573805 0.00212954 0.000945001 -0.000841984 0.00537792 0.001004 9.00146e-05 -4.10311e-06 0.000883863 4.02889e-05 -0.000108066 4.92594e-06 0.000903537 4.11857e-05 0.202694 0.159093 0.311337 0.312274 0.338788 -0.0744158 0.699898 0.292588 0.013959 -0.0137929 0.0146854 0.0140011 0.00623709 -0.00302078 0.00805599 0.00654117 -0.0232834 0.035207 0.0744036 0.0857583 -0.041042 0.0213698 0.103867 0.117336 0.0108657 -0.00902324 0.0193216 0.0202638 1
93.4788 45.3193 2.84716 1.08565 1.29564e-05 -6.66544e-06 7.93555e-05 5.04373e-05 -0.000103035 -5.50078e-05 0.000630373 0.000332138 0.000107676 5.67641e-05 0.000667528 0.000351904 -7.22574e-06 -3.80923e-06 9.08127e-05 4.78742e-05 -0.000138626 -0.000255117 0.000445973 0.000344057 0.000546444 0.000248872 0.00382937 0.00184874 0.000305669 0.000511506 0.00387132 0.00244826 -3.97811e-05 2.6092e-05 0.000536489 0.000255055 0.000305175 0.000122927 0.000667365 0.000553292 0.183985 0.0842748 0.446813 0.252835 0.273699 0.0397879 0.741938 0.192533 0.055296 -0.0194796 0.0636328 0.0212429 -1.59752e-07 -2.69183e-05 7.65539e-05 6.73686e-05 0.00465379 -0.00305229 0.0848636 0.094787 0.00721205 0.00161703 0.0731735 0.0320127 -0.0151183 0.00800078 0.0202268 0.0106156 1
91.5036 46.2688 2.86146 1.01629 7.22286e-06 2.00535e-06 7.36213e-05 4.97051e-05 -5.91632e-05 -3.73608e-05 0.000566898 0.000350552 1.96646e-05 1.21786e-05 0.000521028 0.000322682 1.82445e-05 1.12992e-05 8.56872e-05 5.30677e-05 -6.54252e-05 -0.000242689 0.000377232 0.000356437 0.000756327 -2.60173e-05 0.00353425 0.00267176 -0.000155795 -0.00042979 0.00443693 0.00285258 -3.07664e-05 6.59901e-05 0.000545548 0.000325002 -1.73678e-05 0.000322068 0.000766923 0.000725846 0.178148 0.0872754 0.444316 0.225886 0.22126 0.0411964 0.774501 0.160946 0.0575171 -0.0177089 0.0751132 0.0212418 3.04747e-05 -4.38513e-05 9.48277e-05 9.24311e-05 0.0234175 -0.011242 0.0974155 0.0966405 0.00891926 0.000992703 0.0700287 0.0283614 -0.0142835 0.00687484 0.0199944 0.0092776 1
88.0607 48.3747 2.88952 0.942634 7.83419e-06 5.9232e-06 6.17276e-05 4.5401e-05 6.97352e-05 5.06489e-05 0.000492986 0.000358057 -5.75884e-05 -4.18266e-05 0.000458531 0.000333033 -1.64418e-05 -1.17136e-05 7.66605e-05 5.58036e-05 -8.48955e-05 -0.000125604 0.000463511 0.000368416 -0.000141573 1.89265e-05 0.0037009 0.0022709 0.000232278 -0.000131 0.00416863 0.00305841 9.24178e-05 6.14792e-05 0.000455847 0.000336728 -0.00161377 0.0106399 0.00246552 0.011097 0.188014 0.0851255 0.537333 0.183878 0.246549 0.0231498 0.728506 0.123186 0.0574152 -0.0159001 0.0733762 0.0186272 -0.00175315 0.00443147 0.00180586 0.00444389 0.0235588 -0.0152895 0.0762203 0.0642996 0.0156484 0.00451241 0.0774702 0.0196077 -0.0134802 0.00625227 0.0187093 0.0087008 1
96.0555 51.174 2.84849 1.47184 -6.29752e-06 1.80818e-06 6.22455e-05 8.03964e-06 3.04662e-05 -3.95265e-05 0.00039925 7.52694e-05 -0.000133904 -1.32934e-05 0.000493939 4.90363e-05 -2.76175e-05 -2.74175e-06 6.88082e-05 6.831e-06 -0.000208944 0.000739173 0.000537815 0.000792501 0.211592 0.00598941 0.217367 0.071185 0.0323712 -0.0387754 0.0345955 0.0396826 -1.88709e-06 -1.92796e-06 0.000448464 6.0985e-05 -0.000283507 0.00457922 0.00091816 0.00550481 -0.0500535 0.053825 0.419169 0.356772 0.160045 0.0107565 0.631901 0.377334 0.0305543 -0.0270907 0.0307691 0.0273584 0.00631228 -0.00375057 0.00827443 0.00611656 0.0262752 0.0197342 0.0697826 0.0532509 0.0226231 -0.0141171 0.065559 0.0640745 -0.00325627 0.00401234 0.0100399 0.0122096 -1
82.7852 52.3875 2.95948 0.863603 -1.50527e-05 -1.31308e-05 6.20413e-05 5.31936e-05 1.97551e-05 1.68839e-05 0.000410148 0.000350537 4.38167e-05 3.74484e-05 0.000423451 0.000361907 9.97366e-07 1.75415e-05 6.24277e-05 5.70611e-05 7.02842e-06 2.70559e-06 0.00043625 0.000372694 0.000809973 0.000523811 0.00365628 0.00275217 0.000566673 -0.000472799 0.00298607 0.00295179 0.000101387 -1.5317e-05 0.000436098 0.000338374 0.0201163 0.0162312 0.0220051 0.0200978 0.149514 0.0695983 0.614361 0.144113 0.256032 0.00316184 0.690202 0.0951103 0.0519809 -0.0146895 0.0654724 0.0185758 -0.00229201 0.00319915 0.00617674 0.00924484 0.0362159 -0.00939738 0.0658737 0.0321677 -0.00260698 0.0028395 0.0810445 0.0183383 -0.0139707 0.00664686 0.0175553 0.00886109 1
105.735 54.3961 2.78075 1.6604 2.96444e-05 -2.66338e-06 8.10506e-05 7.28195e-06 0.000158072 8.40049e-05 0.000564119 0.000128732 -2.57557e-05 -0.000120105 0.000419979 0.000142362 -3.78206e-05 3.39797e-06 7.88215e-05 7.08167e-06 -0.00012592 1.13132e-05 0.000420679 3.77957e-05 0.0742337 0.15431 0.0782805 0.155612 0.297717 -0.0760268 0.409257 0.128328 0.0046541 -0.0078561 0.00510164 0.00796975 0.0316383 -0.0120707 0.039733 0.0238966 0.0438007 0.219607 0.197134 0.334863 -0.12349 -0.11873 0.407107 0.476486 0.036542 -0.0195453 0.0744677 0.0750183 -0.00539058 0.00416995 0.00740638 0.0100753 0.0289091 -0.0296536 0.0689689 0.0539913 0.0108324 0.0145541 0.0572783 0.0947233 -0.00301514 0.00567808 0.00568311 0.00950283 -1
124.469 56.8948 3.06152 1.35667 -2.98582e-05 -1.00074e-05 0.000122586 2.96956e-05 -6.04377e-05 4.28914e-06 0.000764199 0.000177895 0.000248841 0.000200526 0.000703365 0.000383575 -2.19059e-05 -1.17659e-05 0.000124777 7.20957e-05 4.44533e-05 -3.0212e-05 0.000714799 0.000195642 -0.000695518 -0.000151249 0.00544072 0.00118315 -0.0127159 0.105755 0.0410537 0.108161 0.00961486 0.0203957 0.120934 0.0996575 0.0326516 0.0103661 0.0400853 0.0145758 0.236828 0.165664 0.268637 0.311862 0.385266 -0.0904653 0.587956 0.326494 0.0294956 0.057433 0.107979 0.105107 1.83988e-05 0.00359945 0.0138353 0.016205 0.0117842 -0.00871384 0.112988 0.120582 -0.0473866 -0.00938267 0.123653 0.110808 -0.000234109 -0.00598827 0.011618 0.0195261 1
126.723 57.0129 2.98257 1.19465 1.60595e-05 3.83305e-06 9.66566e-05 3.97847e-05 2.83226e-05 2.82948e-05 0.000817291 0.000327881 -0.000647414 0.00101778 0.00118973 0.00118883 0.00958565 0.00306228 0.00969265 0.00504235 1.17721e-05 -7.08751e-05 0.000804164 0.000360008 -0.00054789 -0.00021639 0.00526298 0.00207862 -0.00613865 0.0421167 0.0125642 0.0452627 -0.0265557 0.0565516 0.092399 0.109326 0.0110839 0.00699286 0.0129383 0.00787737 0.250852 0.0322911 0.276579 0.194603 0.324596 0.158026 0.600956 0.470832 0.0499848 0.0255609 0.109133 0.0911939 0.0118667 0.000392341 0.0163442 0.0158927 -0.0198216 -0.0023447 0.137559 0.0971827 0.0379509 -0.0440003 0.11714 0.0932607 -0.0099865 0.0119092 0.0173511 0.0169156 1
99.3823 62.5124 2.79763 -2.49451 0.00270813 0.00177028 0.00749573 0.00456284 -0.0137463 -0.00510784 0.0536391 0.0327 -0.0438039 -0.0159014 0.0728051 0.0203941 -0.000619852 -0.0009839 0.00122923 0.00134562 -0.0134479 -0.000674349 0.087628 0.0290626 -0.148596 -0.0557851 0.471812 0.202495 0.075216 -0.0397792 0.311209 0.305854 0.00544006 -0.0110484 0.00569472 0.0113091 0.0289092 -0.00698606 0.0621105 0.0112226 0.116649 -0.0179359 0.438489 0.0622758 -0.0207419 -0.0346028 0.457231 0.250107 0.00192015 -0.0134208 0.00289081 0.0154344 -0.00928054 1.89306e-05 0.00929319 0.000722042 -0.0420243 -0.00454835 0.0422131 0.00474492 -0.00272952 0.000185265 0.00287362 0.000586209 -3.35137e-06 -4.06261e-06 3.30915e-05 4.34217e-05 1
113.672 63.3366 2.8068 1.16619 9.06038e-06 4.42258e-06 6.08411e-05 2.62206e-05 -0.00191021 0.0103744 0.00213901 0.0106494 0.0549067 0.0351412 0.0654513 0.0363852 0.0108984 -0.00144448 0.0109006 0.00260198 -5.39911e-05 -2.31209e-05 0.000430161 0.000184211 -0.00327464 0.0364996 0.0114806 0.0398165 -0.028548 0.125961 0.39954 0.393578 0.0212857 -0.00562558 0.0846431 0.0325485 0.0154942 0.0105068 0.0208335 0.0206663 0.179735 0.0483484 0.418293 0.237509 0.109552 0.0639663 0.441679 0.373122 -0.0161807 0.00562181 0.0610754 0.0517873 -0.000532262 0.000207124 0.0131562 0.00867463 0.0186902 -0.0372834 0.0721706 0.0518188 -0.0299011 0.0422898 0.0666089 0.0713222 0.00118723 -0.0080466 0.00628213 0.0124385 1
125.153 68.2396 2.75142 1.7268 1.10459e-05 -2.04138e-06 6.22323e-05 1.1247e-05 -0.000187634 2.84437e-05 0.000433221 6.86642e-05 -0.000124222 1.95376e-05 0.000473674 7.44991e-05 0.00292971 0.00190391 0.00301357 0.00217517 0.0237135 0.00444003 0.0575561 0.032445 0.183097 0.0266843 0.223357 0.247888 0.199334 -0.124771 0.204344 0.129933 0.0128038 0.0323395 0.033793 0.0484208 0.0143058 -0.0359891 0.0418542 0.095972 0.0491519 -0.0721972 0.263613 0.551974 -0.0369265 0.0452332 0.324105 0.452508 0.0150964 0.00977338 0.0480312 0.0654818 -0.000433101 0.00312706 0.00654157 0.00731857 0.0109946 -0.0254012 0.0480111 0.0804463 0.0167296 0.0110279 0.0388891 0.0677293 -0.00159118 -0.00999359 0.0031514 0.0126113 -1
95.2239 71.3546 2.85508 0.601877 0.000198864 -7.56637e-05 0.000246851 0.000114514 0.053695 0.0118008 0.0538295 0.0123028 0.0792924 0.00589389 0.0794478 0.00686864 0.01136 -0.00196663 0.0113645 0.00231123 0.0199703 0.00300459 0.0671874 0.041527 -0.0455075 -0.00637542 0.421584 0.0929843 0.04639 0.00192922 0.508782 0.0777338 -0.025968 0.00719518 0.0532731 0.0152841 -0.0337503 0.00758982 0.0359285 0.0201284 0.0814415 0.132737 0.378848 0.267999 -0.152606 -0.00918269 0.44212 0.183384 0.0172227 -0.0289516 0.0574846 0.0507941 0.00627007 0.00261033 0.00901393 0.00438939 0.00995456 -0.00190306 0.0747425 0.0269654 0.0261352 -0.027203 0.0562789 0.0429238 0.00105031 0.000773924 0.00157287 0.0015066 -1
90.3521 77.4499 2.93225 0.368623 0.000159981 9.45652e-05 0.000174614 0.000128267 0.0582713 0.0165775 0.0585297 0.0166735 0.0756125 0.00838898 0.0756981 0.00995544 0.0106392 -0.00216815 0.0106786 0.00249828 -0.0181125 -0.00215639 0.0671334 0.0370223 -0.103156 -0.0108462 0.425695 0.128101 -0.0346541 -0.0239927 0.487554 0.0837094 -0.0359412 0.00737926 0.0400605 0.0189039 0.00589759 0.00392928 0.0272506 0.030986 0.0486369 0.00851246 0.501271 0.198167 -0.115696 0.00152428 0.407392 0.183833 -0.00330449 -0.0243317 0.0079291 0.0376163 0.000790847 0.00301622 0.00646177 0.00354554 0.0108838 0.00765614 0.0521688 0.0242474 0.0170201 -0.0216697 0.0316098 0.0322766 0.00162198 0.0022547 0.00326791 0.00636143 -1
121.474 78.0077 2.79404 0.433206 -0.00166479 0.00117354 0.00205222 0.00148089 -0.0161954 0.0115119 0.0373382 0.0359654 0.014455 0.00139529 0.0479741 0.0269032 -0.00443305 0.000711013 0.00817814 0.00333269 0.00782101 0.0152541 0.00908801 0.0163981 -0.00127694 0.0588057 0.394495 0.204763 -0.21112 0.0721401 0.457888 0.158694 0.00809637 -0.0395554 0.0427764 0.0538652 0.00626318 0.0258287 0.0415181 0.0285956 0.0507646 -0.0134212 0.440422 0.164372 0.191141 -0.00829701 0.399545 0.237186 0.00482647 0.0157229 0.0429016 0.0658451 -1.21392e-05 0.00102298 0.00523193 0.00725525 0.0576022 0.00184148 0.0797804 0.0155429 0.00651421 -0.0213315 0.0497996 0.0412915 0.000623256 0.00861358 0.00510302 0.014188 1
110.312 78.3501 2.82373 0.216719 -0.00397175 -0.0015513 0.00625961 0.00604588 0.036574 0.0230808 0.0573304 0.0333651 -0.0098259 0.00506261 0.0852747 0.0214534 0.0016402 -0.00636599 0.00490746 0.00639855 -0.015094 -0.0127364 0.0425413 0.0278161 -0.020804 0.127947 0.27406 0.286526 0.214222 -0.112276 0.423035 0.196126 -0.00979364 -0.0171319 0.0183342 0.0271307 0.0162591 0.0258991 0.016897 0.0262669 -0.0232037 0.0102339 0.447762 0.272478 -0.200181 0.0167353 0.379607 0.220531 0.011805 -0.0197419 0.0247245 0.0826359 -0.00271756 0.0038851 0.00569762 0.00403334 0.0214704 0.00945137 0.0731276 0.0287021 0.0272963 -0.0171588 0.0548231 0.0432088 0.00240494 0.00847176 0.00322263 0.0130372 -1
140.088 77.9804 2.75101 0.394542 5.58487e-06 1.34131e-05 1.77553e-05 4.26427e-05 0.00284995 0.0212625 0.0248796 0.0335471 0.00426957 -0.0201309 0.0430952 0.0349838 -0.000713093 0.00245803 0.00632359 0.00477995 0.0109769 0.0179075 0.0114795 0.0195205 0.0581378 0.0539104 0.45572 0.158821 0.112203 0.0798522 0.551156 0.103073 -0.0108875 -0.0390031 0.0396504 0.0596425 0.000235031 0.0497313 0.0292423 0.0500237 0.0152492 0.0702273 0.374267 0.301746 -0.0759065 -0.103097 0.299226 0.224936 -0.0174656 -0.0220777 0.0197071 0.0457107 0.00498112 -0.000107836 0.00803321 0.00526188 0.00733769 -0.00481147 0.0587312 0.0566759 -0.00997506 -0.00275054 0.028414 0.0648789 0.00370032 0.0019235 0.00432109 0.00373545 1
89.28 79.4675 2.93747 0.304719 0.000155781 4.66605e-05 0.000164698 7.61179e-05 0.0572411 0.0173174 0.0574818 0.0175114 0.0735187 0.00764941 0.0735518 0.0105988 0.00986367 -0.00236302 0.00993536 0.00260276 -0.015681 -0.00233634 0.0696023 0.0391149 -0.0915575 -0.0130002 0.433907 0.14619 -0.0457585 -0.0227053 0.421947 0.0772219 -0.0323266 0.013781 0.0391397 0.0214695 0.0107237 0.00419017 0.0386658 0.0390586 0.0622631 0.0269673 0.497774 0.187322 -0.104599 -0.0243958 0.447609 0.237831 -0.000525022 0.00177582 0.00686458 0.0197591 -0.00202563 0.00339715 0.00761031 0.00367518 0.021516 -2.21984e-05 0.0542397 0.0258106 0.0235166 -0.0246104 0.0305891 0.0335623 0.00120588 0.00120193 0.0031244 0.00656236 -1
133.32 80.4914 2.6902 0.35306 0.000585638 -5.62298e-05 0.00059725 9.36948e-05 -0.0206995 0.0150598 0.0673842 0.0358331 -0.0502399 0.00157489 0.0668082 0.0161217 -0.000866713 0.00131465 0.00546832 0.00924465 0.0166413 0.0187274 0.0282818 0.0196088 0.0931517 0.00922183 0.410208 0.201513 0.0551081 0.05028 0.4509 0.190922 -0.00317983 -0.0274431 0.031097 0.075069 0.0022938 -0.00167642 0.0254801 0.0540955 0.0150208 -0.0142165 0.507626 0.138614 0.0342067 -0.0145368 0.375056 0.275673 -0.0162007 0.0269568 0.025878 0.0611154 0.00170697 0.004163 0.0070767 0.0065591 0.00290655 0.0083837 0.057337 0.0464751 0.00999184 -0.0342147 0.0290213 0.0433727 -0.000284028 0.00189942 0.00283311 0.00382361 1
137.964 81.403 2.76203 0.322973 -0.00108187 0.00114408 0.00132476 0.0012701 0.0147272 -0.0126777 0.0356939 0.0410131 0.00488987 0.0118653 0.0460793 0.019915 -0.0034289 -0.00139189 0.00575318 0.00680025 0.0204347 0.0284293 0.0280009 0.0289311 -0.0302151 0.0364906 0.460134 0.128231 0.0843691 0.0542641 0.488238 0.22236 -0.00440961 -0.00460096 0.0274323 0.0707594 0.00482673 0.0116671 0.0332106 0.0654158 0.0748549 -0.00222992 0.470282 0.236589 -0.116476 -0.105323 0.259613 0.251752 -0.0171669 0.0176468 0.0177801 0.0354896 -0.0013558 0.0018588 0.00666939 0.00502879 -0.00107675 0.0168496 0.0538424 0.054298 0.000959505 -0.0327174 0.0276289 0.054033 0.00334805 0.000973695 0.00482216 0.00600662 1
62.071 81.2718 2.98258 0.316235 -8.69458e-05 8.49926e-06 9.81246e-05 8.28518e-05 -0.000947364 0.000348303 0.000954392 0.000352222 -0.000271395 6.41909e-05 0.000271395 7.50454e-05 0 0 0 0 1.94144e-05 5.93323e-05 0.000192454 0.000588156 -0.000220027 -0.000966851 0.00287331 0.00442568 -0.00227103 0.00120583 0.00346313 0.00411372 -0.000595586 0.000297717 0.000729279 0.000426889 0.0545368 0.0215205 0.0551472 0.0216568 0.3402 0.0534637 0.591916 0.122579 0.392381 -0.0658565 0.531663 0.145741 0.0128588 -0.0250436 0.0167985 0.0259874 -0.0141676 -0.00435884 0.0191269 0.00647032 -0.0694413 -0.00147116 0.121821 0.0133979 -0.0998903 0.0301363 0.107572 0.0422108 0.00412738 -0.00421133 0.00537032 0.0164071 1
101.284 81.724 2.81319 0.156111 -0.00144349 0.000347862 0.0103507 0.00700082 -0.0385372 -0.0119543 0.0574791 0.0270545 0.00569438 0.000967945 0.0458915 0.0155644 -0.00315035 0.0015384 0.00338989 0.00224155 0.0103287 0.00805986 0.0441256 0.0407722 -0.00846063 -0.0180538 0.495043 0.256775 -0.109344 -0.0140476 0.407424 0.238173 0.00145166 -0.00948865 0.0081654 0.0280055 -0.00912998 0.0131122 0.0360212 0.0327746 0.114492 0.0252931 0.353815 0.283514 0.0645344 -0.124279 0.374675 0.212564 0.0119637 0.0238457 0.0165865 0.0473281 0.00273491 0.00503802 0.00673115 0.00755402 -0.0215747 -0.0102858 0.0607799 0.0322321 -0.00387541 0.00513704 0.0348713 0.058601 0.00344943 0.00276153 0.00423829 0.0161275 1
126.918 88.2536 2.84198 0.342803 0.00492466 0.00377945 0.00637789 0.00389736 -0.00130509 0.000977721 0.0642419 0.0258596 0.0175749 -0.0208694 0.0468372 0.0298293 0.00142588 0.00133021 0.00269939 0.00436999 0.00397289 0.0156952 0.0456293 0.0283604 0.209936 0.0298439 0.397801 0.136317 0.0526174 -0.0302625 0.254614 0.400661 0.0120656 -0.0231018 0.0279843 0.0653137 -0.00209518 0.00426487 0.0591979 0.0212544 -0.103474 0.0749323 0.382597 0.190809 -0.0977491 -0.086526 0.186122 0.513781 -0.0149628 -0.058235 0.0298622 0.0585924 -0.00179587 0.00228095 0.00732224 0.00631152 -0.00354606 -0.0237131 0.0319201 0.0455166 -0.00883147 0.0106767 0.0151219 0.0256357 -0.000521032 -0.00211023 0.00056293 0.00214719 -1
110.523 89.5325 2.79759 -0.380215 0.00628012 0.00629585 0.00791489 0.00810282 -0.00412133 -0.0359692 0.0394193 0.0580075 0.000866829 0.00565691 0.0149438 0.034924 5.76797e-05 -4.72711e-05 6.47998e-05 0.000109419 -0.0131074 -0.023069 0.0403075 0.0636459 0.21351 0.0276509 0.364996 0.246819 0.17736 -0.0857001 0.231947 0.361351 0.0101587 -0.0225655 0.0105387 0.0233736 -0.00346784 0.0507708 0.0318531 0.0637875 -0.151405 -0.0817255 0.353971 0.272978 -0.0267242 0.057677 0.2695 0.435866 0.0313539 -0.0250825 0.048232 0.060162 -0.000187696 0.00323466 0.00288209 0.00737531 0.0247723 0.0242286 0.0398132 0.056812 -0.00202078 -0.0205045 0.0323838 0.0415848 -0.00558021 0.0047943 0.00661374 0.00927505 -1
138.165 89.614 2.77763 -1.80076 0.00663152 0.000536317 0.0066456 0.00172226 0.0397661 0.00601378 0.0525347 0.018502 -0.0203235 0.00442745 0.051114 0.0207255 -0.00379076 0.00148909 0.0123996 0.00263675 -0.0266156 0.0068869 0.0733126 0.029849 0.186795 -0.0569308 0.492282 0.209842 0.236823 0.0421814 0.280536 0.175054 0.012686 -0.00841775 0.0606294 0.0321249 0.00345158 0.0191712 0.0441771 0.0432066 -0.0964152 0.00927752 0.31043 0.381747 -0.0625945 -0.0106608 0.266031 0.372258 -0.00372192 -0.0318161 0.0280003 0.0830415 0.00386642 -0.00478816 0.00650814 0.00649743 -0.00994057 0.0143964 0.0440122 0.0454895 0.001266 -0.014007 0.0540253 0.0495086 -0.00258955 0.000234882 0.00715033 0.00578197 -1
59.9752 93.5645 2.91288 -0.0501833 0 0 0 0 0 0 0 0 -4.43735e-07 8.83486e-06 1.9269e-06 3.8365e-05 -1.18717e-05 -1.84531e-06 1.20668e-05 7.45731e-06 -0.000456261 -0.00028597 0.000491763 0.000572762 -0.00262541 -0.000662383 0.00281668 0.00430844 -0.00186532 0.00150977 0.00325042 0.00323865 -0.000242491 -0.000321939 0.00046457 0.000533974 0.0319924 0.0202238 0.0326027 0.0206258 0.47213 0.118449 0.508122 0.154677 0.371299 -0.135382 0.476924 0.179166 0.00305387 -0.00816443 0.00322666 0.00928413 -0.000220554 0.000208386 0.0143385 0.00924386 -0.120734 -0.0337545 0.143384 0.0398657 -0.095004 0.0348364 0.103073 0.0487279 0.00266455 -0.0178278 0.00303313 0.017853 1
120.05 95.2121 2.83012 1.31434 0.00102413 0.000469514 0.00544433 0.00624878 -0.0157861 0.00514497 0.039333 0.037486 -0.00501569 0.00385546 0.0356097 0.0495261 0.000269963 0.00217941 0.00498626 0.00592306 0.0157754 -0.00952275 0.0393198 0.0534774 -0.0557847 -0.176184 0.285314 0.296598 -0.17135 0.00726677 0.337619 0.269388 -0.0133638 0.00332216 0.0172591 0.0120053 -0.0325662 0.00727544 0.046589 0.0302877 0.0952452 0.0771114 0.495933 0.189842 0.0769845 -0.111474 0.46654 0.166415 0.00246637 -0.00112773 0.0438254 0.0113154 -0.00220025 -0.000266378 0.00467848 0.00212076 -0.0214072 -0.00277035 0.021821 0.00546047 -0.00292938 -0.00178775 0.0033642 0.00207759 1.1235e-05 3.12388e-06 3.22986e-05 1.60086e-05 1
132.902 111.299 2.78061 -1.71079 -2.43143e-05 -1.20894e-05 7.36422e-05 1.72023e-05 -3.04513e-05 9.98161e-05 0.000267134 0.000291031 0.000162056 -0.000168056 0.000520335 0.000244612 1.36611e-05 3.14211e-05 4.30962e-05 4.20859e-05 9.9173e-05 -6.69764e-05 0.000468036 0.000135949 -0.000197251 0.000772371 0.0028954 0.00112138 0.00836434 -0.00142482 0.0128772 0.0029222 0.00195898 0.000384378 0.00340472 0.00082469 0.0356384 0.0107912 0.0369371 0.0111502 0.290995 -0.00196903 0.646942 0.200539 0.109274 -0.102057 0.579466 0.24879 0.00926065 0.0315738 0.0716256 0.033116 -0.00730539 2.99026e-05 0.0196567 0.00288243 -0.00316376 0.00185591 0.0988708 0.0386674 0.0719557 -0.00086383 0.0852711 0.0402488 0.00897824 0.00506532 0.0109872 0.00688594 1
90.377 44.1462 3.66978 1.03153 -9.49647e-06 1.49874e-05 7.27129e-05 5.95774e-05 3.26436e-05 -2.41189e-05 0.000500534 0.000304623 -2.5435e-05 -1.52212e-05 0.000505861 0.000302725 -1.90655e-05 1.0982e-05 7.57918e-05 5.55913e-05 2.55378e-05 -0.000246626 0.000535821 0.00040868 -1.157e-05 -0.000139215 0.00345206 0.00213782 0.000145781 0.000279603 0.0032709 0.00207312 -5.13973e-05 -2.80102e-05 0.000526458 0.000317712 -8.90409e-05 0.000190863 0.000276468 0.000334117 0.205186 0.114175 0.352117 0.237461 0.280113 0.0263636 0.781141 0.183012 0.0604159 -0.0236897 0.0686861 0.0254701 0.000453245 0.000228361 0.000542337 0.000581274 -0.013724 0.0129892 0.0542639 0.0914124 0.0498111 -0.00674282 0.114907 0.0589803 -0.0139945 0.0081071 0.0253665 0.0164848 1
79.7248 52.2726 3.72336 0.81009 -5.32377e-07 -6.43003e-06 4.58086e-05 4.63677e-05 8.84392e-06 8.41761e-06 0.000389208 0.000370447 -0.000121326 8.18015e-05 0.000385235 0.000369419 -0.000109742 0.000107307 0.000109742 0.000107538 -8.58295e-06 -2.52963e-05 0.000312143 0.000295575 0.000226445 0.00013947 0.00257103 0.00252316 0.000221595 -0.000338881 0.00232053 0.002257 -9.96974e-05 0.000141939 0.00039535 0.000394394 0.00646476 0.0120573 0.0106735 0.0123287 0.185527 0.0969971 0.567701 0.142712 0.250518 0.00549607 0.712384 0.0976076 0.0518779 -0.0210361 0.0663822 0.026132 -0.00383925 0.00654592 0.00449629 0.00668975 0.0454761 -0.00532169 0.0819118 0.0453164 0.0479764 -0.00475981 0.1 0.0317618 -0.0128444 0.0059675 0.0182563 0.0127149 1
89.7781 54.3168 3.83249 0.976923 -3.89985e-06 -5.26467e-06 3.56452e-05 2.8682e-05 -7.83597e-07 -9.76666e-07 0.000271156 0.000182632 -1.26725e-06 -8.5562e-07 0.000281573 0.000190112 -3.56319e-06 2.78324e-05 4.81598e-05 4.49502e-05 8.51492e-05 -4.49788e-05 0.000250335 0.000165789 0.0902773 -0.0238348 0.091439 0.024951 0.10378 -0.0213174 0.104946 0.0223624 4.68048e-05 -0.000110779 0.000225912 0.000306246 -0.00243922 0.00414313 0.00268242 0.00471985 0.0671566 0.13852 0.473819 0.298454 0.101617 0.0302714 0.741384 0.197013 0.0262888 -0.0104211 0.0822132 0.043508 0.00362838 0.00162761 0.0040629 0.00215367 0.00600877 0.0156155 0.0589622 0.0402044 -0.0226275 0.00270104 0.0640488 0.0533432 0.0017082 -0.00402679 0.00904069 0.00967009 -1
71.71 60.5671 3.7313 0.678085 -3.29238e-06 -4.08738e-06 3.98644e-05 4.94903e-05 -0.000107583 4.71697e-05 0.000303492 0.000369924 -0.000625143 0.000487442 0.000721878 0.000598769 0 0 0 0 -1.20211e-05 -1.49238e-05 0.000272964 0.000338875 0.000259255 0.000506841 0.00199577 0.0022927 -0.000194842 6.54771e-06 0.00232172 0.00263916 -0.000493462 0.000359268 0.000611968 0.00048857 0.0207065 0.0128581 0.0380999 0.0207508 0.160979 0.0604539 0.638756 0.0741523 0.24622 -0.016048 0.664771 0.155079 0.0465014 -0.0232062 0.0470211 0.0255822 -0.000549965 -0.00152837 0.00600929 0.00828665 0.0524282 0.00462303 0.0814521 0.0235236 0.0135127 -0.00570464 0.0956611 0.0441325 -0.0118083 0.00777604 0.0158439 0.0131723 1
115.645 60.4229 3.5434 1.36969 -2.29167e-05 -6.09378e-06 7.08743e-05 1.54629e-05 -3.75208e-06 0.000124072 0.000399345 0.000187304 2.78578e-05 -5.02536e-05 0.000467538 0.000333379 2.97085e-05 -7.25734e-06 5.32096e-05 2.04661e-05 -5.24279e-05 -1.66288e-05 0.000360693 8.1381e-05 0.000276787 0.00040291 0.00273197 0.000892697 -0.03503 0.14373 0.341879 0.374885 -0.00860491 0.0230373 0.0866691 0.0477197 0.0380764 -0.00634157 0.0496674 0.0257228 0.21241 0.00635684 0.411592 0.2828 0.236183 0.132428 0.410034 0.349337 0.0326236 -0.0179991 0.0925645 0.0775008 0.0034414 -0.00308626 0.00791803 0.0113578 0.0418014 -0.0378876 0.071048 0.0839095 -0.0174568 0.0280697 0.0614154 0.105768 -0.000941436 0.00536958 0.00600998 0.00908787 1
133.532 60.703 3.53586 1.39717 -1.9256e-05 5.64223e-06 5.57702e-05 1.45786e-05 0.000140408 -2.72256e-06 0.000488332 0.000105667 3.50889e-05 2.93078e-05 0.000372285 9.66775e-05 0.000370796 0.000352979 0.000677894 0.000899226 -6.17025e-06 9.54284e-06 0.000449487 8.94605e-05 3.62684e-05 0.000750072 0.00275878 0.0013967 0.0170942 -0.0199976 0.0234423 0.0282227 -0.00332972 0.0403342 0.0323659 0.055191 0.0344654 0.0195608 0.0370977 0.0428581 0.353839 -0.0438066 0.504807 0.298082 0.27061 0.0877794 0.466254 0.427962 0.0309447 0.0156103 0.0742459 0.06614 0.000938836 -0.00453153 0.00590666 0.0158578 -0.00738132 0.0057758 0.0483173 0.0835221 0.0205655 -0.0163196 0.0726668 0.0902641 7.08457e-05 0.00645013 0.00904406 0.0108245 1
110.092 77.5317 3.57026 0.0152497 0.00461372 0.00707225 0.00461673 0.00707555 -0.0105748 -0.0066299 0.0717186 0.0507236 0.0470384 -0.000570205 0.0690221 0.0319307 -0.00110147 -0.000880264 0.00206035 0.00572291 -0.025912 0.00298597 0.0473972 0.0427829 0.015345 0.133404 0.269437 0.324952 0.125799 -0.109965 0.449805 0.206641 0.00838421 0.0139306 0.0114782 0.0414534 -0.00488966 -1.3399e-05 0.00491994 0.000339044 -0.0125594 0.0996521 0.261467 0.326518 -0.123907 -0.0658964 0.426051 0.311592 0.0173582 0.0547315 0.0190689 0.0979754 3.73481e-05 1.8123e-06 6.47945e-05 2.76112e-05 -0.00663722 0.0239834 0.0545269 0.0343346 -0.0238967 -0.0125184 0.0587702 0.0457957 -0.00396 0.00550314 0.00401788 0.0110406 -1
59.756 80.5503 3.78225 0.302764 -0.00013202 4.2528e-05 0.000132486 4.26147e-05 -2.89515e-05 7.31058e-06 2.89515e-05 1.75829e-05 0 0 0 0 0 0 0 0 -0.000122369 5.38177e-05 0.000264739 0.000504993 -0.00335208 0.000413994 0.00402504 0.00362272 -0.00375181 0.00145372 0.00436909 0.00292959 -0.000778132 0.000243973 0.000778455 0.000278523 0.037129 0.0176146 0.03722 0.0177986 0.289524 0.0588692 0.596696 0.123786 0.331453 -0.0701631 0.590733 0.20249 0.00271666 -0.0155221 0.00355834 0.0163743 -0.00982199 -0.00206058 0.0187568 0.00847049 -0.011199 -0.0040158 0.127592 0.032331 -0.057609 0.0225838 0.0797365 0.0618756 -0.000961236 -0.0168327 0.00278753 0.0168768 1
101.406 82.1795 3.54621 -0.124732 0.00617475 0.0066932 0.0061797 0.00670675 -0.0335152 -0.0213345 0.0783332 0.0497099 -0.0288685 -0.00729595 0.0441073 0.0189629 -0.0023538 0.000702037 0.00444954 0.0118846 -0.0197831 -0.0176138 0.0488291 0.0643335 -0.00532342 0.0140049 0.479351 0.361836 -0.0500411 -0.0963502 0.329865 0.244733 -0.00351344 0.0130062 0.00781404 0.0548372 0.000535539 -0.0108291 0.0472994 0.0187356 0.0153313 0.0838235 0.291185 0.28627 0.0860087 -0.0789695 0.385126 0.275316 0.0136881 0.0108165 0.0137345 0.0826164 0.000133672 -6.39359e-05 0.000181813 9.9737e-05 0.00257395 -0.00277538 0.0372022 0.0494916 0.0424976 0.0114205 0.0623351 0.0515596 -0.00174526 0.00731747 0.00451968 0.0145051 1
91.769 88.2049 3.57572 -0.143195 0.000498984 0.000987222 0.000505312 0.0010374 0.0563005 0.0240973 0.0702849 0.0307687 0.0215894 -0.0116843 0.0691097 0.0249771 0.000979209 -0.0021867 0.00100604 0.00220981 -0.00235936 0.000444439 0.0652781 0.0638743 0.085663 0.0256322 0.541399 0.28341 0.00779411 -0.0990955 0.270697 0.297454 0.00328863 -0.0477083 0.00573148 0.0481476 0.00169243 0.0116536 0.0412364 0.0534654 -0.112955 0.0314536 0.409121 0.260777 -0.0206022 -0.112634 0.228413 0.294765 -0.000558271 -0.0356327 0.0024293 0.0359491 -0.00503809 0.00195193 0.006034 0.00366059 -0.0139471 0.00411064 0.0489711 0.0430517 -0.0143963 0.00473177 0.0360857 0.0583832 0.00356 -0.010377 0.00387454 0.0104243 -1
81.0339 94.746 3.5994 -3.13324 -9.96158e-06 -2.89706e-05 1.51884e-05 3.23842e-05 -0.00406366 -0.00289328 0.00772009 0.035694 -0.0150614 0.0211721 0.0409272 0.0306405 0.00138802 -0.000789973 0.00505878 0.00517236 -2.38828e-05 -8.0201e-05 5.16502e-05 0.00010057 0.0554875 0.000784639 0.0808183 0.305257 -0.112813 0.125281 0.375399 0.259735 0.0174245 0.00671332 0.0722056 0.0469902 9.05195e-05 -7.92285e-05 0.00016304 0.000171475 -0.00172787 0.0689606 0.382503 0.333038 0.166794 0.0452853 0.578666 0.12086 -0.0318311 -0.0192941 0.0619054 0.0373246 4.12916e-06 -2.56043e-06 2.19899e-05 2.59094e-05 0.000179394 -0.00041665 0.000302753 0.000551401 4.59452e-05 0.000383943 0.000204189 0.000573729 1.22261e-05 -4.59864e-05 2.25157e-05 5.95307e-05 1
102.307 96.0881 3.61304 -1.18101 0.0104877 0.000127195 0.0105167 0.00146398 0.0213169 -0.009227 0.0221505 0.0097538 -1.61867e-06 0.000174501 0.000233329 0.000212248 -7.02812e-06 -3.6921e-05 3.74989e-05 4.2993e-05 -0.0182916 -0.0295311 0.0377993 0.0536033 0.0463757 -0.00621352 0.330223 0.160304 0.118705 -0.0153804 0.33519 0.153439 0.0450039 -0.00457115 0.0454445 0.00696812 -0.00160102 0.032057 0.0149376 0.0912905 0.0686147 -0.117855 0.249425 0.400734 0.132744 0.086966 0.483549 0.411241 -0.0152417 0.0135194 0.0868541 0.0442812 0.000251612 -0.00261846 0.00399116 0.011418 -0.0196774 0.0242345 0.0344972 0.055883 -0.00546553 -0.00551458 0.0265148 0.0803812 -0.00397467 -0.00379799 0.00458141 0.00906185 1
63.4328 110.696 3.912 -0.86919 0 0 0 0 -0.000371109 -0.000548996 0.000373943 0.000548996 -0.000458701 -0.000470671 0.00067868 0.000653674 -4.34142e-05 4.87243e-05 7.81806e-05 9.82222e-05 -0.000131923 -0.000144967 0.000148983 0.000144967 -0.00203756 -0.00392371 0.00539544 0.0053584 -0.000271354 0.00035921 0.00328142 0.00352245 2.03379e-05 -7.69041e-05 0.000233542 0.000348431 -0.000749828 -0.000933055 0.000870758 0.00107376 0.336339 0.220204 0.407198 0.333428 0.245173 -0.17848 0.575615 0.288718 0.000190187 0.000248366 0.000381357 0.0002672 -4.38637e-06 0.000168859 0.000204137 0.000244857 -0.0274073 -0.034201 0.0998714 0.181884 -0.00511429 -0.00854565 0.0771682 0.0582427 0.00445957 -0.00590334 0.00829683 0.0096526 1
133.953 114.193 3.51923 -1.68469 -3.52387e-06 -5.8508e-06 4.51978e-05 1.05812e-05 0.000254404 9.77394e-05 0.000511478 0.000189567 0.00014059 -4.88465e-06 0.000473211 0.000149406 3.26468e-05 5.63128e-06 5.56775e-05 4.80362e-05 -1.68442e-05 -0.000270946 0.000423892 0.000349564 -0.000551217 0.00100715 0.00268889 0.0022977 -0.00116437 -0.00120696 0.00363477 0.00165063 0.000614607 0.000291784 0.000977084 0.000601311 0.0212105 0.00595728 0.0439574 0.00631899 0.300265 0.0249993 0.683315 0.235522 0.0944627 -0.078781 0.503736 0.227004 0.0345927 0.033954 0.114309 0.0371985 0.00159052 0.00409898 0.0143645 0.00662254 0.0474231 0.00189767 0.0952678 0.0611603 0.099735 0.00886511 0.127865 0.0689446 0.0119208 0.00439113 0.0175571 0.0136454 1
67.6535 58.7184 5.33327 0.640799 -6.78709e-06 2.75875e-05 4.48894e-05 4.89362e-05 -0.000762583 0.000602225 0.000801198 0.000627615 -2.15601e-06 -2.89092e-06 2.15601e-06 2.89092e-06 0 0 0 0 2.29399e-05 1.4379e-05 0.000197172 0.00025805 -0.000322397 0.000140554 0.00135615 0.00173741 -0.00349126 0.00225839 0.00390144 0.00351148 -0.000398336 0.0003003 0.000398336 0.0003003 0.00945013 0.0108253 0.0116858 0.0112023 0.163226 0.0808875 0.568142 0.11084 0.219643 -0.0195417 0.696822 0.206262 0.0254748 -0.024052 0.0277833 0.0245382 -0.00428028 0.00685114 0.00596961 0.00695221 0.0533259 0.00130111 0.128531 0.0565008 0.0404795 -0.0295637 0.136636 0.0877861 -0.00218084 -0.00284679 0.00377373 0.0163926 1
61.4657 67.8637 5.24329 0.505229 -0.000130408 5.73968e-05 0.000131008 6.54223e-05 -0.00022552 0.000137756 0.000228101 0.000137756 0 0 0 0 0 0 0 0 1.79166e-05 3.23924e-05 0.000163967 0.000296445 -0.00250694 0.00116345 0.00316698 0.00234557 -0.00481206 0.00268687 0.00521776 0.00322289 -0.000190184 9.14546e-05 0.000192143 9.14546e-05 0.0138612 0.0127225 0.020172 0.0135081 0.171155 0.0540144 0.608859 0.0986009 0.221147 -0.0513732 0.666671 0.224192 0.000841093 -0.0142928 0.00383954 0.0151744 -0.00269716 0.00156919 0.00749449 0.00876312 0.0740653 0.0110827 0.13275 0.0408531 0.0116144 -0.00976051 0.0878069 0.0791977 -0.00217642 -0.0132021 0.00223013 0.0132533 1
75.5944 67.803 5.15791 0.518051 -6.82003e-06 3.53573e-06 1.82636e-05 2.37139e-05 -0.000332204 0.000182287 0.000367113 0.000204865 -0.000411331 0.000209587 0.000413474 0.000211647 0 0 0 0 2.54386e-05 1.36325e-05 0.000102289 0.000149659 0.0537765 0.0162851 0.0543533 0.0170723 0.12191 0.0292964 0.123901 0.0309635 -0.000363701 0.000165775 0.000392824 0.000269382 0.00316644 0.0198928 0.0156605 0.0199518 0.0879335 0.0601607 0.585773 0.16908 0.0279668 -0.0356766 0.707373 0.246405 0.0247792 -0.021995 0.0362549 0.0575674 0.000733809 0.0012403 0.000867557 0.00134171 0.0159426 0.00314675 0.051545 0.0330975 -0.0202265 -0.0100536 0.0435746 0.0459436 -0.00303179 -0.00253958 0.00305334 0.0028796 -1
60.054 70.2928 5.32544 0.455813 -0.000144248 7.2186e-05 0.000145487 7.32918e-05 -5.18606e-05 2.07711e-05 5.18606e-05 2.07711e-05 0 0 0 0 0 0 0 0 -1.78931e-05 9.00579e-05 0.000144171 0.00026659 -0.00280234 0.00156257 0.0034159 0.00278674 -0.00474509 0.00231236 0.00475654 0.0028395 -0.000120807 5.47459e-05 0.000120807 6.19682e-05 0.017728 0.0151028 0.0180626 0.0155663 0.170864 0.0575657 0.611647 0.111326 0.240476 -0.0769067 0.648885 0.226297 -0.00143822 -0.00723384 0.00166613 0.00809292 -0.00371055 -0.000670256 0.00879543 0.00824635 0.0749815 0.0143192 0.140821 0.044101 0.0204081 -0.0246354 0.0874593 0.0842274 -0.000639561 -0.00797417 0.000684994 0.00808648 1
73.3479 70.8324 5.35989 0.450905 -2.00243e-05 1.06429e-05 2.64986e-05 2.39535e-05 -0.000537139 0.000274949 0.000559537 0.000313528 -0.000141091 5.85156e-05 0.000141091 5.85156e-05 0 0 0 0 -1.45295e-05 -2.53586e-05 8.55819e-05 0.000172109 0.048752 0.0188404 0.0491063 0.0197958 0.0967762 0.0316277 0.0999437 0.0327306 -0.000347585 0.0001783 0.000421838 0.00021546 0.00779686 0.0185081 0.0171303 0.0185429 0.0985269 0.0622664 0.601914 0.158117 0.0559374 -0.0318481 0.697079 0.265269 0.007693 -0.0395656 0.0217425 0.0397224 -0.000619355 0.000892925 0.00200103 0.000974968 0.0132285 0.00602212 0.0483655 0.0308537 -0.0154832 -0.0118319 0.0355487 0.0428598 -0.00179804 -0.00217693 0.00182427 0.00219192 -1
58.1829 74.213 5.30027 0.382696 -5.39824e-05 2.04057e-05 5.39824e-05 2.38634e-05 0 0 0 0 0 0 0 0 0 0 0 0 -0.000286293 0.000108027 0.000369248 0.000373187 -0.00397468 0.00153781 0.00443707 0.00239829 -0.00506685 0.00216166 0.00506685 0.00249822 -0.000136917 3.58113e-05 0.000140098 3.58113e-05 0.0214837 0.0165535 0.021529 0.0166675 0.181303 0.0570081 0.6339 0.121956 0.213835 -0.0848656 0.625844 0.232226 -0.00111723 -0.00168572 0.0015215 0.00242487 -0.00450549 -0.00266591 0.0139448 0.0113149 0.0768067 0.0171392 0.142095 0.0497434 0.0057703 -0.0332973 0.0679639 0.109871 -0.000362494 -0.00103472 0.000398648 0.00120509 1
71.1238 74.7001 5.41106 0.379883 -5.06023e-05 9.90785e-06 5.34808e-05 3.58051e-05 -0.000512091 0.000213201 0.000512091 0.000213657 7.51818e-07 1.88295e-06 7.51818e-07 1.88295e-06 0 0 0 0 -2.06042e-06 -5.16037e-06 6.15596e-05 0.000154178 0.0421215 0.0230846 0.0431421 0.0238664 0.0780381 0.0277392 0.0816709 0.0287318 -0.000293673 0.00016619 0.000437868 0.000188536 0.0149972 0.0162855 0.0189118 0.0251033 0.106947 0.0498056 0.649752 0.156436 0.0732928 -0.0516081 0.654246 0.270681 -0.0015577 -0.0381639 0.00682979 0.0383577 -0.00334801 0.00199278 0.00508282 0.00200544 0.01076 -0.00063114 0.0398232 0.0323889 -0.0168627 -0.0179144 0.0349415 0.0438089 2.83744e-05 -1.82985e-05 2.87915e-05 3.02325e-05 -1
105.503 76.2711 5.41889 1.67097 1.44533e-06 -1.68033e-06 3.22816e-05 6.50607e-06 0.000549415 0.0021537 0.000659441 0.00216596 0.00636948 -0.000986324 0.00645567 0.00709934 -7.53014e-06 7.56875e-07 2.16451e-05 2.1756e-06 0.0235644 -0.00707803 0.0243668 0.0343578 0.168148 0.0372406 0.277892 0.248552 0.0794771 0.00225042 0.277817 0.303477 0.0211301 -0.0366391 0.0212277 0.0366501 -0.0111489 0.00713769 0.0534581 0.0396476 -0.0357441 -0.100164 0.331843 0.507041 -0.0729793 0.071306 0.259669 0.415386 0.00391406 -0.0128982 0.0170626 0.0937183 -0.00518945 0.000509697 0.00520984 0.000920351 -0.0449638 0.000501846 0.0450845 0.0106877 -0.00712498 0.00959038 0.0478904 0.0102837 -0.00529675 -0.00454934 0.00532923 0.00460296 -1
68.2531 82.2506 5.33566 0.240355 -8.99227e-05 2.39302e-05 9.00054e-05 2.39302e-05 -9.37159e-05 2.69417e-05 9.37159e-05 2.69417e-05 0 0 0 0 0 0 0 0 -3.17283e-05 9.58518e-06 6.99108e-05 0.000178034 0.0521683 0.0286861 0.0548025 0.0292368 0.0741903 0.00185306 0.080424 0.0132619 -0.000379543 -5.41201e-05 0.000416582 0.000237369 0.0125691 0.0149258 0.0311514 0.0308138 0.119679 0.0446632 0.706924 0.165486 0.0577542 -0.137859 0.551564 0.318321 -0.000174201 -0.000348396 0.000381903 0.000422864 0.000210203 -1.08794e-07 0.00656574 0.00422926 -0.0112317 0.00358282 0.0475832 0.0363055 -0.0107675 -0.0155629 0.0240289 0.0457087 1.67537e-05 7.7699e-06 1.99926e-05 1.66195e-05 -1
108.169 94.2264 5.19075 -1.29035 -2.15873e-05 -1.52095e-05 3.52102e-05 3.75772e-05 -2.06291e-05 6.98984e-05 8.70115e-05 0.000136525 -2.4193e-05 -6.56427e-06 0.000165168 0.000210318 1.47117e-05 1.67037e-05 2.44693e-05 3.42024e-05 0.00339302 -0.0250144 0.0369148 0.0744088 0.105307 -0.00902663 0.307765 0.15623 0.0998343 0.0561527 0.361249 0.141307 0.0218728 -0.0131899 0.0219882 0.0132964 0.00421954 -0.0394728 0.0180917 0.0933062 0.0492805 0.180668 0.266876 0.446487 0.0585856 -0.125715 0.384121 0.449179 0.00726303 -0.0210037 0.0609791 0.0425197 -0.00473043 0.00556901 0.00473802 0.00557118 -0.0124999 -0.0110703 0.0325985 0.0327083 -0.0353811 0.0181804 0.0356233 0.0311276 -0.00414485 0.00169931 0.00656271 0.00650568 1
115.251 102.397 5.28959 -1.06781 0.000699753 -0.000327164 0.000731012 0.000346442 -1.18837e-05 0.00016045 0.000177105 0.000216708 9.86924e-05 -7.82955e-05 0.000195821 0.000191387 9.07095e-06 4.97229e-06 2.90747e-05 2.11958e-05 0.0218556 -0.00783243 0.0781342 0.054013 0.0784476 -0.0467201 0.287405 0.179483 0.15705 -0.039301 0.158415 0.0407752 -7.04731e-05 -0.000154999 0.000259494 0.000254382 -0.0164771 -0.00612303 0.0347686 0.102453 0.0243421 0.0174218 0.348335 0.474661 0.0738008 -0.0796486 0.56011 0.343696 0.0162829 0.00708667 0.0394162 0.0327206 0.000491651 0.000805087 0.00538735 0.00638331 -0.0128477 0.0178737 0.0476339 0.0423699 -0.0103919 0.0113308 0.032506 0.0450339 0.00303065 -0.00220461 0.0115473 0.00988277 -1
61.5882 114.698 5.44506 -0.851455 0 0 0 0 0 0 0 0 -0.000839388 -0.000978268 0.000921236 0.000978403 -1.33846e-05 5.24536e-06 3.21362e-05 3.71335e-05 0 0 0 0 -0.00411138 -0.00622992 0.00513948 0.00622992 -0.00114072 -0.000237712 0.00482054 0.00536578 6.02901e-05 -0.000139098 0.00039748 0.000345736 -0.000685353 -0.000857682 0.000760086 0.000858547 0.277022 0.1664 0.454016 0.352729 0.131615 -0.183738 0.595604 0.251469 0.000244191 0.000234588 0.000494196 0.000551709 -3.49e-05 -6.1534e-05 8.81699e-05 9.26243e-05 -0.0192886 -0.0203201 0.0992084 0.221682 0.0641744 -0.0243041 0.13193 0.117131 0.00561866 -0.00327276 0.00895367 0.00710392 1
111.426 116.093 5.08127 -1.36768 8.22718e-06 -2.33769e-05 4.32028e-05 3.16202e-05 5.81916e-05 5.11914e-05 0.000266399 0.000159344 -5.2496e-05 1.05517e-05 0.000316173 0.000117949 4.86002e-05 1.95335e-06 7.03646e-05 2.28918e-05 0.0239309 -0.00216683 0.0240852 0.00515509 -0.000577544 0.00207991 0.00254378 0.00221461 -8.65131e-05 -0.00076527 0.00222649 0.0026606 -3.63142e-05 -0.00013653 0.000329321 0.000373827 0.0159566 -0.0120836 0.100747 0.0841659 0.22968 -0.0199394 0.539727 0.206607 0.229875 -0.00959737 0.657431 0.243068 0.0110424 -0.00153927 0.0383689 0.0170751 -0.00091644 0.0117824 0.00503344 0.0251276 -0.0221112 -0.0293353 0.0581678 0.122013 0.0543904 0.0248416 0.107373 0.10925 0.0104572 0.0020071 0.0158269 0.00827892 1
133.958 118.996 5.23622 -1.74786 -2.68418e-05 -2.06752e-05 5.09655e-05 4.34819e-05 0.000128024 0.000182308 0.000309784 0.000274696 -6.43461e-05 -0.000112757 0.00050805 0.000245569 1.16515e-05 1.28162e-07 3.68627e-05 1.20523e-05 0.000129487 0.000150603 0.00040861 0.000157385 -0.000126562 0.000640749 0.00272233 0.00228133 -0.000472533 -0.000512813 0.0022338 0.00250652 -4.43636e-05 -0.000181434 0.000346154 0.00037079 0.00621469 -6.08335e-05 0.0335182 0.00637501 0.187408 0.0775517 0.575992 0.208485 0.23243 -0.0229585 0.625279 0.231342 0.0651951 0.0180003 0.148968 0.0582025 0.00761612 -0.00438091 0.010264 0.0100021 0.0697733 0.0504938 0.137842 0.11371 0.0119357 -0.0189002 0.064174 0.0927832 -0.00761837 0.00123121 0.00967078 0.0139347 1
85.5483 121.496 4.87382 -1.79285 4.06627e-05 -1.44151e-05 6.91646e-05 6.46585e-05 -0.000321092 0.000127735 0.000846898 0.000321943 -0.000108965 -7.35212e-05 0.00037681 0.000330884 1.68978e-05 1.27321e-05 8.01971e-05 3.00181e-05 4.64714e-05 -0.00023285 0.000718534 0.000750399 0.000540353 -0.000782831 0.00329725 0.00374002 -0.0013793 0.00241897 0.00500871 0.00341966 4.55685e-05 -0.00031905 0.000490539 0.00060055 0.000307028 -0.000916471 0.000575059 0.00118559 0.296217 0.135654 0.417302 0.356713 0.121229 -0.0619989 0.60864 0.166133 0.0714134 0.0585469 0.163426 0.0689781 3.55649e-05 -0.000209515 5.6364e-05 0.000235795 0.0115653 -0.00859335 0.0610258 0.242588 0.107289 0.033297 0.1702 0.173623 -0.00273873 0.0146751 0.0127832 0.0302568 1
119.69 122.291 5.0987 -1.42949 -3.4214e-05 2.24459e-05 5.44178e-05 4.20055e-05 6.26531e-05 -5.96948e-05 0.000580723 0.000297537 5.74837e-05 5.19714e-05 0.000173876 0.000223325 2.42653e-05 -3.03932e-06 7.41466e-05 1.92401e-05 -9.09661e-05 1.39509e-05 0.000298639 0.000201327 0.000201548 -0.000789907 0.00364216 0.00387615 0.000965851 0.000734634 0.0030612 0.00252986 -5.93069e-05 5.93634e-05 0.000580077 0.00029429 0.0362932 -0.0269264 0.097911 0.0371904 0.173625 0.104568 0.569611 0.165898 0.177599 -0.11 0.661248 0.14868 0.0385155 0.00645474 0.0463043 0.0136252 0.00466917 -0.00899168 0.0131754 0.0258888 0.0851706 0.00855969 0.144473 0.143028 0.100468 -0.0372866 0.133032 0.0833253 -0.00628835 0.00758999 0.0316647 0.0142642 1
55.449 68.601 6.89983 0.456569 -4.79411e-05 2.27452e-05 4.79411e-05 2.27452e-05 0 0 0 0 0 0 0 0 0 0 0 0 -0.000425391 0.000211866 0.00043072 0.00021627 -0.006247 0.00306842 0.006247 0.00306842 -0.00439563 0.00215906 0.00439563 0.00215906 0 0 0 0 0.00927332 0.0103336 0.009299 0.0106333 0.284076 0.110035 0.561908 0.15491 0.239499 -0.0908518 0.614965 0.287484 -0.00080112 0.000293271 0.000939834 0.000509975 -0.00289103 0.00757972 0.00369284 0.00767972 0.0159034 0.0128083 0.0869825 0.071862 -0.00374125 -0.0571869 0.0854485 0.128848 -5.29241e-05 3.1914e-05 7.6831e-05 6.9314e-05 1
50.5586 77.3635 6.96615 0.34586 0 0 0 0 0 0 0 0 0 0 0 0 0 0 0 0 -0.000914815 0.000329328 0.000915 0.000329328 -0.00799271 0.00288012 0.00799271 0.00288012 -0.00259705 0.000935832 0.00259705 0.000935832 0 0 0 0 0.0155902 0.0155607 0.0156393 0.0155756 0.274101 0.113138 0.654704 0.143393 0.191836 -0.157911 0.500409 0.283293 -0.000973649 0.000353694 0.0012255 0.000467988 -0.00276176 0.00696436 0.00755605 0.0069863 0.0614606 -0.020401 0.192392 0.081245 -0.0167877 -0.0442146 0.0476087 0.129837 -8.00104e-05 1.2425e-05 0.000116057 6.43466e-05 1
86.1604 127.442 6.52622 -1.79764 -1.46463e-05 -0.000130032 8.90929e-05 0.000179464 0.000291245 0.000232861 0.000785475 0.00058486 0.000142099 -0.000163938 0.00037691 0.000523512 2.78174e-05 -6.4358e-06 8.22786e-05 6.6944e-05 0.000520636 -0.00204089 0.000548263 0.00204089 0.000584297 0.000329956 0.00408766 0.00323164 0.000169124 0.000696957 0.00449491 0.00417461 -7.22316e-05 0.000299546 0.000385626 0.000667345 0.000545442 -0.00239287 0.000545442 0.00239287 0.267626 0.138929 0.308338 0.335064 0.220298 0.00264832 0.62591 0.258133 0.0974956 0.0429273 0.168566 0.0995928 1.93275e-05 -8.37371e-05 1.93275e-05 8.37371e-05 -0.0277646 0.0790921 0.0719935 0.237913 0.0486237 0.0244277 0.129506 0.235176 -0.00620938 -0.0154633 0.0162228 0.0252298 1
52.1675 56.002 10.1851 0.546162 -6.21818e-05 3.88928e-05 6.21818e-05 3.89073e-05 0 0 0 0 7.96928e-05 -5.07206e-05 7.96928e-05 5.07206e-05 -0.000500118 0.00048484 0.000818752 0.00070051 -0.000504025 0.000264731 0.000716385 0.000547981 -0.00843189 0.00550611 0.00843189 0.00550611 -0.00201138 0.00139006 0.00201138 0.00139006 0 0 0 0 6.14829e-05 -5.08507e-06 0.000472123 0.000309814 0.282103 0.198216 0.398389 0.21083 0.284605 -0.156464 0.626352 0.388587 -0.000789324 0.000482915 0.000905545 0.000541046 0.000180342 8.71362e-05 0.000214419 0.000164782 0.0297508 0.0410156 0.0700771 0.0751862 -0.056206 -0.0573688 0.0778001 0.0575566 -5.39705e-05 -2.44533e-06 0.00010347 6.71239e-05 1
48.4152 63.3159 10.1997 0.478176 -7.76181e-06 3.80646e-06 7.76181e-06 3.80646e-06 0 0 0 0 0.000163482 -8.15637e-05 0.000164281 8.15637e-05 -0.00106696 0.000678382 0.00155124 0.0010293 -0.000824429 0.000472843 0.00098792 0.000568054 -0.00826261 0.00431997 0.00826261 0.00469807 -0.000835894 0.00050963 0.000835894 0.00050963 0 0 0 0 5.3488e-05 -0.00017852 0.000280326 0.000455381 0.304147 0.174629 0.471642 0.258226 0.208073 -0.179978 0.574783 0.390112 -0.000837839 0.00041184 0.000897975 0.000529674 0.000186583 0.000111973 0.000272468 0.000153321 0.0079439 0.0325133 0.0691945 0.0975353 -0.0423269 -0.054443 0.0572183 0.0773468 -4.29452e-05 1.89021e-05 8.58849e-05 5.59452e-05 1
72.7239 84.6984 9.98326 0.338609 -8.60314e-05 3.02755e-05 8.60314e-05 3.02755e-05 0 0 0 0 0 0 0 0 2.1065e-06 -7.73845e-07 2.1065e-06 7.73845e-07 -0.000201221 3.38726e-05 0.000288136 0.000218347 0.311205 0.0415579 0.318756 0.096198 0.204153 -0.108758 0.213788 0.117453 -0.000705216 0.000248258 0.000705216 0.000250352 -0.00134732 0.0011942 0.00165949 0.00150579 0.00292451 0.146936 0.469088 0.406091 -0.151437 -0.204766 0.283134 0.335311 -0.000184397 0.00013174 0.000439227 0.000288984 0.000769078 0.00116909 0.0013238 0.00125343 0.00135084 0.0200309 0.048318 0.0812649 -0.0114362 -0.0441966 0.0116464 0.0443618 6.87855e-06 8.91753e-06 2.87535e-05 3.91383e-05 -1
134.037 84.4623 10.0432 1.58966 -1.50672e-05 1.92447e-05 2.15959e-05 2.11375e-05 -8.17855e-05 -5.54728e-05 0.000182085 0.000130334 -9.57954e-05 3.66654e-05 0.000235526 0.000147644 -1.19937e-05 1.89278e-05 2.58797e-05 2.92104e-05 0.0284721 0.00929257 0.0419907 0.0365064 0.311163 -0.0202207 0.320344 0.136216 0.256708 0.020689 0.306065 0.213717 0.0263664 -0.0246781 0.0263755 0.0557875 -0.0366347 -0.00138365 0.0438122 0.0223984 -0.307583 0.0446656 0.393044 0.23751 -0.260658 -0.0624895 0.372266 0.192291 -0.0238114 0.011543 0.032317 0.0799858 -1.79103e-05 1.1102e-05 5.81541e-05 2.55861e-05 -0.000101061 3.57314e-06 0.000217863 0.000115085 -0.000162443 -4.39679e-05 0.000273738 0.000157038 -6.28875e-06 4.60311e-05 1.76604e-05 4.95373e-05 -1
120.287 92.7548 9.97427 -1.41958 -1.60708e-05 -0.000132065 2.92006e-05 0.000132065 -4.66526e-05 3.6809e-05 0.000273074 0.000215826 7.57968e-05 -6.00758e-06 0.000234106 0.000109005 1.32117e-06 6.50989e-07 3.51437e-05 1.86088e-05 0.020118 0.0484554 0.0203262 0.0496628 0.247097 -0.0225099 0.323752 0.198335 0.180184 -0.0239309 0.343324 0.147179 0.0281884 -0.0163914 0.0283566 0.0174794 -0.0153461 0.0439808 0.0153679 0.0448185 -0.17051 -0.0184625 0.275588 0.423022 -0.0710304 0.049742 0.491457 0.267164 0.00498977 0.0124553 0.0390702 0.0545173 1.01944e-06 -3.53627e-05 2.56321e-05 4.07691e-05 3.95803e-05 -5.04398e-05 0.000191995 0.000275375 -0.000737772 0.000982 0.000854956 0.00102692 -0.0055324 0.001512 0.0055511 0.00305722 -1
99.0703 120.333 10.0897 -1.67011 1.85991e-05 -0.000244365 2.07144e-05 0.000244365 -0.00592675 -0.000777364 0.0078076 0.00489855 -0.00659179 0.00012858 0.00673974 0.00253727 -0.000618609 -0.000127953 0.000669285 0.000170419 0.000161983 -0.0015222 0.000161983 0.0015222 -0.000169757 -3.51594e-05 0.0026557 0.00374653 0.000212124 -0.00012028 0.00279708 0.00225317 0.000627517 0.000176549 0.000941445 0.000781006 7.33978e-05 -0.000775158 7.33978e-05 0.000775158 0.247954 0.0943927 0.345668 0.474256 0.345062 0.0931994 0.586674 0.274764 0.0461154 0.024484 0.118207 0.064603 1.62862e-06 -1.24917e-05 1.62862e-06 1.25674e-05 -0.0466837 0.0293347 0.0468132 0.0482704 -0.0593596 -0.0215831 0.0594033 0.0383867 -0.00605249 -0.000776806 0.00606258 0.0031275 1
45.4242 48.8072 13.7743 0.800829 0.00334856 -0.00440643 0.00582202 0.00823319 -6.06399e-05 6.17168e-05 0.000106403 0.000110563 0.00135507 -0.00135528 0.00136347 0.0013948 0.0018858 0.00972035 0.00440009 0.0109249 -0.0184436 -0.0293406 0.0230161 0.0326366 -0.0119058 0.0119758 0.0125347 0.0129181 -0.000125603 0.00012954 0.000720458 0.000743044 -0.0162545 0.0157502 0.0214036 0.0258468 -0.000196344 7.40086e-05 0.000356415 0.000314266 0.405754 0.202427 0.524875 0.393915 0.117005 -0.216394 0.393233 0.317207 1.63738e-05 -1.54381e-05 5.80822e-05 6.19013e-05 0.0109903 0.00630636 0.0142299 0.0082712 -0.00240505 -0.0484268 0.127476 0.136611 -0.0423092 -0.0242709 0.0427605 0.0251029 0.000209618 0.000345588 0.000805653 0.00036652 1
99.7276 126.768 13.4264 -1.46013 3.58858e-07 3.22279e-06 3.58858e-07 3.22279e-06 -0.0269529 0.0129111 0.0336031 0.0442301 -0.0608838 0.0190864 0.0764499 0.0456449 -0.0130588 -0.00179132 0.0160217 0.00626152 0 0 0 0 -0.000273791 -0.00421807 0.00215959 0.00697384 0.000431073 2.48665e-06 0.00255516 0.00147825 -9.92967e-06 -8.18484e-05 0.000511982 0.000287838 0 0 0 0 0.237161 0.0934169 0.444076 0.425279 0.304557 0.0455989 0.568756 0.32483 0.0459945 -0.0196113 0.0550731 0.036719 -2.8997e-06 -2.72034e-05 3.37238e-06 2.72034e-05 -0.0408913 0.0132634 0.0409647 0.0155689 -0.0519344 -0.00704259 0.0520317 0.0156256 -0.00857932 0.00394609 0.00858527 0.00951309 1
35.6279 32.6314 20.6891 0.96871 0.00199218 -0.000965214 0.00303609 0.00134835 0.00154948 0.00192347 0.0017979 0.00282926 -0.054136 0.0111641 0.0746839 0.0452175 -0.000994736 4.96415e-05 0.00214956 0.00183994 -0.0330569 0.00106336 0.167242 0.0956848 -0.0409021 -0.15597 0.107927 0.177303 0.00687106 0.0277325 0.00693301 0.0423842 -0.0117633 0.0844158 0.12358 0.150377 -0.00160551 -0.00609577 0.0229136 0.0115278 0.399402 0.125695 0.594471 0.3906 0.0520828 -0.193951 0.158455 0.206881 -0.029771 0.00649934 0.0341746 0.00952295 0.00554976 0.014517 0.0133316 0.0149228 -0.101929 -0.0820111 0.125682 0.0877013 0.0128942 0.00397377 0.014286 0.0112585 -0.000548139 0.000398787 0.000594042 0.000712871 1
