103.972 46.2262 103.973 45.2264
99.8113 51.2961 99.8087 50.2962
94.4749 60.5759 94.4728 59.5635
126.457 59.8515 126.485 58.8475
110.792 63.2771 110.792 62.2774
93.5429 67.4299 93.5415 66.4301
138.5 67.3553 138.63 66.3325
106.839 68.1623 106.839 67.1616
119.106 68.151 119.109 67.1503
105.272 72.3889 105.271 71.3902
99.6261 74.1799 99.625 73.1814
79.1745 81.5865 79.1709 80.5929
134.672 86.2958 134.665 85.3005
116.537 86.318 116.538 85.3173
61.9148 95.131 61.9158 94.1327
131.667 96.434 131.664 95.4334
221.107 100.478 134.665 85.3005
134.966 102.352 134.953 101.348
137.712 103.219 137.988 102.306
131.904 109.734 131.901 108.73
103.706 44.2267 103.705 43.2269
93.4933 46.3153 93.4788 45.3193
91.4918 47.2704 91.5036 46.2688
88.0413 49.3786 88.0607 48.3747
96.0646 52.1712 96.0555 51.174
82.7876 53.3869 82.7852 52.3875
105.735 55.3965 105.735 54.3961
124.473 57.891 124.469 56.8948
126.72 58.0133 126.723 57.0129
99.3814 63.512 99.3823 62.5124
113.673 64.3353 113.672 63.3366
125.162 69.2373 125.153 68.2396
95.2239 72.3545 95.2239 71.3546
90.351 78.4511 90.3521 77.4499
121.472 79.0144 121.474 78.0077
110.312 79.3496 110.312 78.3501
89.2812 80.4662 89.28 79.4675
62.0718 82.2754 62.071 81.2718
101.288 82.7199 101.284 81.724
126.914 89.2835 126.918 88.2536
110.521 90.534 110.523 89.5325
59.9746 94.6097 59.9752 93.5645
120.047 96.2118 120.05 95.2121
132.909 112.299 132.902 111.299
91.9033 44.1939 90.377 44.1462
115.008 62.4117 113.672 63.3366
133.453 62.0724 133.532 60.703
61.6172 76.5084 59.756 80.5503
110.106 78.3403 110.092 77.5317
59.4172 79.7387 59.756 80.5503
91.5996 89.793 91.769 88.2049
102.191 97.5239 102.307 96.0881
69.3755 58.046 67.6535 58.7184
65.2253 63.0089 67.6535 58.7184
105.967 77.5464 105.503 76.2711
68.1684 83.8346 68.2531 82.2506
